A = [0 0.3 0.4 0.3; 0.3 0 0.5 0; 0.4 0.5 0 0.3; 0.3 0 0.3 0];
b = [0.3 0.2 0.5 0.4];
c = [9.0 7.0 11.0 7.0];
u = 6;
x0 = [16.5 16.5 16.5 16.5];
off = [20.0 20.0 20.0 20.0];
on = [19.0 19.0 19.0 19.0];
get = [17.0 16.0 16.0 17.0];
dif = [1.0 1.0 1.0 1.0];
h = [0 1 1 0];
% h1 = 0; h2 = 1; h3 = 1; h4 = 0;